#the number of patterns to be recognized
1023

0
artag_0000.pat
86.0
0.0 0.0

1
artag_0001.pat
86.0
0.0 0.0

2
artag_0002.pat
86.0
0.0 0.0

3
artag_0003.pat
86.0
0.0 0.0

4
artag_0004.pat
86.0
0.0 0.0

5
artag_0005.pat
86.0
0.0 0.0

6
artag_0006.pat
86.0
0.0 0.0

7
artag_0007.pat
86.0
0.0 0.0

8
artag_0008.pat
86.0
0.0 0.0

9
artag_0009.pat
86.0
0.0 0.0

10
artag_0010.pat
86.0
0.0 0.0

11
artag_0011.pat
86.0
0.0 0.0

12
artag_0012.pat
86.0
0.0 0.0

13
artag_0013.pat
86.0
0.0 0.0

14
artag_0014.pat
86.0
0.0 0.0

15
artag_0015.pat
86.0
0.0 0.0

16
artag_0016.pat
86.0
0.0 0.0

17
artag_0017.pat
86.0
0.0 0.0

18
artag_0018.pat
86.0
0.0 0.0

19
artag_0019.pat
86.0
0.0 0.0

20
artag_0020.pat
86.0
0.0 0.0

21
artag_0021.pat
86.0
0.0 0.0

22
artag_0022.pat
86.0
0.0 0.0

23
artag_0023.pat
86.0
0.0 0.0

24
artag_0024.pat
86.0
0.0 0.0

25
artag_0025.pat
86.0
0.0 0.0

26
artag_0026.pat
86.0
0.0 0.0

27
artag_0027.pat
86.0
0.0 0.0

28
artag_0028.pat
86.0
0.0 0.0

29
artag_0029.pat
86.0
0.0 0.0

30
artag_0030.pat
86.0
0.0 0.0

31
artag_0031.pat
86.0
0.0 0.0

32
artag_0032.pat
86.0
0.0 0.0

33
artag_0033.pat
86.0
0.0 0.0

34
artag_0034.pat
86.0
0.0 0.0

35
artag_0035.pat
86.0
0.0 0.0

36
artag_0036.pat
86.0
0.0 0.0

37
artag_0037.pat
86.0
0.0 0.0

38
artag_0038.pat
86.0
0.0 0.0

39
artag_0039.pat
86.0
0.0 0.0

40
artag_0040.pat
86.0
0.0 0.0

41
artag_0041.pat
86.0
0.0 0.0

42
artag_0042.pat
86.0
0.0 0.0

43
artag_0043.pat
86.0
0.0 0.0

44
artag_0044.pat
86.0
0.0 0.0

45
artag_0045.pat
86.0
0.0 0.0

46
artag_0046.pat
86.0
0.0 0.0

47
artag_0047.pat
86.0
0.0 0.0

48
artag_0048.pat
86.0
0.0 0.0

49
artag_0049.pat
86.0
0.0 0.0

50
artag_0050.pat
86.0
0.0 0.0

51
artag_0051.pat
86.0
0.0 0.0

52
artag_0052.pat
86.0
0.0 0.0

53
artag_0053.pat
86.0
0.0 0.0

54
artag_0054.pat
86.0
0.0 0.0

55
artag_0055.pat
86.0
0.0 0.0

56
artag_0056.pat
86.0
0.0 0.0

57
artag_0057.pat
86.0
0.0 0.0

58
artag_0058.pat
86.0
0.0 0.0

59
artag_0059.pat
86.0
0.0 0.0

60
artag_0060.pat
86.0
0.0 0.0

61
artag_0061.pat
86.0
0.0 0.0

62
artag_0062.pat
86.0
0.0 0.0

63
artag_0063.pat
86.0
0.0 0.0

64
artag_0064.pat
86.0
0.0 0.0

65
artag_0065.pat
86.0
0.0 0.0

66
artag_0066.pat
86.0
0.0 0.0

67
artag_0067.pat
86.0
0.0 0.0

68
artag_0068.pat
86.0
0.0 0.0

69
artag_0069.pat
86.0
0.0 0.0

70
artag_0070.pat
86.0
0.0 0.0

71
artag_0071.pat
86.0
0.0 0.0

72
artag_0072.pat
86.0
0.0 0.0

73
artag_0073.pat
86.0
0.0 0.0

74
artag_0074.pat
86.0
0.0 0.0

75
artag_0075.pat
86.0
0.0 0.0

76
artag_0076.pat
86.0
0.0 0.0

77
artag_0077.pat
86.0
0.0 0.0

78
artag_0078.pat
86.0
0.0 0.0

79
artag_0079.pat
86.0
0.0 0.0

80
artag_0080.pat
86.0
0.0 0.0

81
artag_0081.pat
86.0
0.0 0.0

82
artag_0082.pat
86.0
0.0 0.0

83
artag_0083.pat
86.0
0.0 0.0

84
artag_0084.pat
86.0
0.0 0.0

85
artag_0085.pat
86.0
0.0 0.0

86
artag_0086.pat
86.0
0.0 0.0

87
artag_0087.pat
86.0
0.0 0.0

88
artag_0088.pat
86.0
0.0 0.0

89
artag_0089.pat
86.0
0.0 0.0

90
artag_0090.pat
86.0
0.0 0.0

91
artag_0091.pat
86.0
0.0 0.0

92
artag_0092.pat
86.0
0.0 0.0

93
artag_0093.pat
86.0
0.0 0.0

94
artag_0094.pat
86.0
0.0 0.0

95
artag_0095.pat
86.0
0.0 0.0

96
artag_0096.pat
86.0
0.0 0.0

97
artag_0097.pat
86.0
0.0 0.0

98
artag_0098.pat
86.0
0.0 0.0

99
artag_0099.pat
86.0
0.0 0.0

100
artag_0100.pat
86.0
0.0 0.0

101
artag_0101.pat
86.0
0.0 0.0

102
artag_0102.pat
86.0
0.0 0.0

103
artag_0103.pat
86.0
0.0 0.0

104
artag_0104.pat
86.0
0.0 0.0

105
artag_0105.pat
86.0
0.0 0.0

106
artag_0106.pat
86.0
0.0 0.0

107
artag_0107.pat
86.0
0.0 0.0

108
artag_0108.pat
86.0
0.0 0.0

109
artag_0109.pat
86.0
0.0 0.0

110
artag_0110.pat
86.0
0.0 0.0

111
artag_0111.pat
86.0
0.0 0.0

112
artag_0112.pat
86.0
0.0 0.0

113
artag_0113.pat
86.0
0.0 0.0

114
artag_0114.pat
86.0
0.0 0.0

115
artag_0115.pat
86.0
0.0 0.0

116
artag_0116.pat
86.0
0.0 0.0

117
artag_0117.pat
86.0
0.0 0.0

118
artag_0118.pat
86.0
0.0 0.0

119
artag_0119.pat
86.0
0.0 0.0

120
artag_0120.pat
86.0
0.0 0.0

121
artag_0121.pat
86.0
0.0 0.0

122
artag_0122.pat
86.0
0.0 0.0

123
artag_0123.pat
86.0
0.0 0.0

124
artag_0124.pat
86.0
0.0 0.0

125
artag_0125.pat
86.0
0.0 0.0

126
artag_0126.pat
86.0
0.0 0.0

127
artag_0127.pat
86.0
0.0 0.0

128
artag_0128.pat
86.0
0.0 0.0

129
artag_0129.pat
86.0
0.0 0.0

130
artag_0130.pat
86.0
0.0 0.0

131
artag_0131.pat
86.0
0.0 0.0

132
artag_0132.pat
86.0
0.0 0.0

133
artag_0133.pat
86.0
0.0 0.0

134
artag_0134.pat
86.0
0.0 0.0

135
artag_0135.pat
86.0
0.0 0.0

136
artag_0136.pat
86.0
0.0 0.0

137
artag_0137.pat
86.0
0.0 0.0

138
artag_0138.pat
86.0
0.0 0.0

139
artag_0139.pat
86.0
0.0 0.0

140
artag_0140.pat
86.0
0.0 0.0

141
artag_0141.pat
86.0
0.0 0.0

142
artag_0142.pat
86.0
0.0 0.0

143
artag_0143.pat
86.0
0.0 0.0

144
artag_0144.pat
86.0
0.0 0.0

145
artag_0145.pat
86.0
0.0 0.0

146
artag_0146.pat
86.0
0.0 0.0

147
artag_0147.pat
86.0
0.0 0.0

148
artag_0148.pat
86.0
0.0 0.0

149
artag_0149.pat
86.0
0.0 0.0

150
artag_0150.pat
86.0
0.0 0.0

151
artag_0151.pat
86.0
0.0 0.0

152
artag_0152.pat
86.0
0.0 0.0

153
artag_0153.pat
86.0
0.0 0.0

154
artag_0154.pat
86.0
0.0 0.0

155
artag_0155.pat
86.0
0.0 0.0

156
artag_0156.pat
86.0
0.0 0.0

157
artag_0157.pat
86.0
0.0 0.0

158
artag_0158.pat
86.0
0.0 0.0

159
artag_0159.pat
86.0
0.0 0.0

160
artag_0160.pat
86.0
0.0 0.0

161
artag_0161.pat
86.0
0.0 0.0

162
artag_0162.pat
86.0
0.0 0.0

163
artag_0163.pat
86.0
0.0 0.0

164
artag_0164.pat
86.0
0.0 0.0

165
artag_0165.pat
86.0
0.0 0.0

166
artag_0166.pat
86.0
0.0 0.0

167
artag_0167.pat
86.0
0.0 0.0

168
artag_0168.pat
86.0
0.0 0.0

169
artag_0169.pat
86.0
0.0 0.0

170
artag_0170.pat
86.0
0.0 0.0

171
artag_0171.pat
86.0
0.0 0.0

172
artag_0172.pat
86.0
0.0 0.0

173
artag_0173.pat
86.0
0.0 0.0

174
artag_0174.pat
86.0
0.0 0.0

175
artag_0175.pat
86.0
0.0 0.0

176
artag_0176.pat
86.0
0.0 0.0

177
artag_0177.pat
86.0
0.0 0.0

178
artag_0178.pat
86.0
0.0 0.0

179
artag_0179.pat
86.0
0.0 0.0

180
artag_0180.pat
86.0
0.0 0.0

181
artag_0181.pat
86.0
0.0 0.0

182
artag_0182.pat
86.0
0.0 0.0

183
artag_0183.pat
86.0
0.0 0.0

184
artag_0184.pat
86.0
0.0 0.0

185
artag_0185.pat
86.0
0.0 0.0

186
artag_0186.pat
86.0
0.0 0.0

187
artag_0187.pat
86.0
0.0 0.0

188
artag_0188.pat
86.0
0.0 0.0

189
artag_0189.pat
86.0
0.0 0.0

190
artag_0190.pat
86.0
0.0 0.0

191
artag_0191.pat
86.0
0.0 0.0

192
artag_0192.pat
86.0
0.0 0.0

193
artag_0193.pat
86.0
0.0 0.0

194
artag_0194.pat
86.0
0.0 0.0

195
artag_0195.pat
86.0
0.0 0.0

196
artag_0196.pat
86.0
0.0 0.0

197
artag_0197.pat
86.0
0.0 0.0

198
artag_0198.pat
86.0
0.0 0.0

199
artag_0199.pat
86.0
0.0 0.0

200
artag_0200.pat
86.0
0.0 0.0

201
artag_0201.pat
86.0
0.0 0.0

202
artag_0202.pat
86.0
0.0 0.0

203
artag_0203.pat
86.0
0.0 0.0

204
artag_0204.pat
86.0
0.0 0.0

205
artag_0205.pat
86.0
0.0 0.0

206
artag_0206.pat
86.0
0.0 0.0

207
artag_0207.pat
86.0
0.0 0.0

208
artag_0208.pat
86.0
0.0 0.0

209
artag_0209.pat
86.0
0.0 0.0

210
artag_0210.pat
86.0
0.0 0.0

211
artag_0211.pat
86.0
0.0 0.0

212
artag_0212.pat
86.0
0.0 0.0

213
artag_0213.pat
86.0
0.0 0.0

214
artag_0214.pat
86.0
0.0 0.0

215
artag_0215.pat
86.0
0.0 0.0

216
artag_0216.pat
86.0
0.0 0.0

217
artag_0217.pat
86.0
0.0 0.0

218
artag_0218.pat
86.0
0.0 0.0

219
artag_0219.pat
86.0
0.0 0.0

220
artag_0220.pat
86.0
0.0 0.0

221
artag_0221.pat
86.0
0.0 0.0

222
artag_0222.pat
86.0
0.0 0.0

223
artag_0223.pat
86.0
0.0 0.0

224
artag_0224.pat
86.0
0.0 0.0

225
artag_0225.pat
86.0
0.0 0.0

226
artag_0226.pat
86.0
0.0 0.0

227
artag_0227.pat
86.0
0.0 0.0

228
artag_0228.pat
86.0
0.0 0.0

229
artag_0229.pat
86.0
0.0 0.0

230
artag_0230.pat
86.0
0.0 0.0

231
artag_0231.pat
86.0
0.0 0.0

232
artag_0232.pat
86.0
0.0 0.0

233
artag_0233.pat
86.0
0.0 0.0

234
artag_0234.pat
86.0
0.0 0.0

235
artag_0235.pat
86.0
0.0 0.0

236
artag_0236.pat
86.0
0.0 0.0

237
artag_0237.pat
86.0
0.0 0.0

238
artag_0238.pat
86.0
0.0 0.0

239
artag_0239.pat
86.0
0.0 0.0

240
artag_0240.pat
86.0
0.0 0.0

241
artag_0241.pat
86.0
0.0 0.0

242
artag_0242.pat
86.0
0.0 0.0

243
artag_0243.pat
86.0
0.0 0.0

244
artag_0244.pat
86.0
0.0 0.0

245
artag_0245.pat
86.0
0.0 0.0

246
artag_0246.pat
86.0
0.0 0.0

247
artag_0247.pat
86.0
0.0 0.0

248
artag_0248.pat
86.0
0.0 0.0

249
artag_0249.pat
86.0
0.0 0.0

250
artag_0250.pat
86.0
0.0 0.0

251
artag_0251.pat
86.0
0.0 0.0

252
artag_0252.pat
86.0
0.0 0.0

253
artag_0253.pat
86.0
0.0 0.0

254
artag_0254.pat
86.0
0.0 0.0

255
artag_0255.pat
86.0
0.0 0.0

256
artag_0256.pat
86.0
0.0 0.0

257
artag_0257.pat
86.0
0.0 0.0

258
artag_0258.pat
86.0
0.0 0.0

259
artag_0259.pat
86.0
0.0 0.0

260
artag_0260.pat
86.0
0.0 0.0

261
artag_0261.pat
86.0
0.0 0.0

262
artag_0262.pat
86.0
0.0 0.0

263
artag_0263.pat
86.0
0.0 0.0

264
artag_0264.pat
86.0
0.0 0.0

265
artag_0265.pat
86.0
0.0 0.0

266
artag_0266.pat
86.0
0.0 0.0

267
artag_0267.pat
86.0
0.0 0.0

268
artag_0268.pat
86.0
0.0 0.0

269
artag_0269.pat
86.0
0.0 0.0

270
artag_0270.pat
86.0
0.0 0.0

271
artag_0271.pat
86.0
0.0 0.0

272
artag_0272.pat
86.0
0.0 0.0

273
artag_0273.pat
86.0
0.0 0.0

274
artag_0274.pat
86.0
0.0 0.0

275
artag_0275.pat
86.0
0.0 0.0

276
artag_0276.pat
86.0
0.0 0.0

277
artag_0277.pat
86.0
0.0 0.0

278
artag_0278.pat
86.0
0.0 0.0

279
artag_0279.pat
86.0
0.0 0.0

280
artag_0280.pat
86.0
0.0 0.0

281
artag_0281.pat
86.0
0.0 0.0

282
artag_0282.pat
86.0
0.0 0.0

283
artag_0283.pat
86.0
0.0 0.0

284
artag_0284.pat
86.0
0.0 0.0

285
artag_0285.pat
86.0
0.0 0.0

286
artag_0286.pat
86.0
0.0 0.0

287
artag_0287.pat
86.0
0.0 0.0

288
artag_0288.pat
86.0
0.0 0.0

289
artag_0289.pat
86.0
0.0 0.0

290
artag_0290.pat
86.0
0.0 0.0

291
artag_0291.pat
86.0
0.0 0.0

292
artag_0292.pat
86.0
0.0 0.0

293
artag_0293.pat
86.0
0.0 0.0

294
artag_0294.pat
86.0
0.0 0.0

295
artag_0295.pat
86.0
0.0 0.0

296
artag_0296.pat
86.0
0.0 0.0

297
artag_0297.pat
86.0
0.0 0.0

298
artag_0298.pat
86.0
0.0 0.0

299
artag_0299.pat
86.0
0.0 0.0

300
artag_0300.pat
86.0
0.0 0.0

301
artag_0301.pat
86.0
0.0 0.0

302
artag_0302.pat
86.0
0.0 0.0

303
artag_0303.pat
86.0
0.0 0.0

304
artag_0304.pat
86.0
0.0 0.0

305
artag_0305.pat
86.0
0.0 0.0

306
artag_0306.pat
86.0
0.0 0.0

307
artag_0307.pat
86.0
0.0 0.0

308
artag_0308.pat
86.0
0.0 0.0

309
artag_0309.pat
86.0
0.0 0.0

310
artag_0310.pat
86.0
0.0 0.0

311
artag_0311.pat
86.0
0.0 0.0

312
artag_0312.pat
86.0
0.0 0.0

313
artag_0313.pat
86.0
0.0 0.0

314
artag_0314.pat
86.0
0.0 0.0

315
artag_0315.pat
86.0
0.0 0.0

316
artag_0316.pat
86.0
0.0 0.0

317
artag_0317.pat
86.0
0.0 0.0

318
artag_0318.pat
86.0
0.0 0.0

319
artag_0319.pat
86.0
0.0 0.0

320
artag_0320.pat
86.0
0.0 0.0

321
artag_0321.pat
86.0
0.0 0.0

322
artag_0322.pat
86.0
0.0 0.0

323
artag_0323.pat
86.0
0.0 0.0

324
artag_0324.pat
86.0
0.0 0.0

325
artag_0325.pat
86.0
0.0 0.0

326
artag_0326.pat
86.0
0.0 0.0

327
artag_0327.pat
86.0
0.0 0.0

328
artag_0328.pat
86.0
0.0 0.0

329
artag_0329.pat
86.0
0.0 0.0

330
artag_0330.pat
86.0
0.0 0.0

331
artag_0331.pat
86.0
0.0 0.0

332
artag_0332.pat
86.0
0.0 0.0

333
artag_0333.pat
86.0
0.0 0.0

334
artag_0334.pat
86.0
0.0 0.0

335
artag_0335.pat
86.0
0.0 0.0

336
artag_0336.pat
86.0
0.0 0.0

337
artag_0337.pat
86.0
0.0 0.0

338
artag_0338.pat
86.0
0.0 0.0

339
artag_0339.pat
86.0
0.0 0.0

340
artag_0340.pat
86.0
0.0 0.0

341
artag_0341.pat
86.0
0.0 0.0

342
artag_0342.pat
86.0
0.0 0.0

343
artag_0343.pat
86.0
0.0 0.0

344
artag_0344.pat
86.0
0.0 0.0

345
artag_0345.pat
86.0
0.0 0.0

346
artag_0346.pat
86.0
0.0 0.0

347
artag_0347.pat
86.0
0.0 0.0

348
artag_0348.pat
86.0
0.0 0.0

349
artag_0349.pat
86.0
0.0 0.0

350
artag_0350.pat
86.0
0.0 0.0

351
artag_0351.pat
86.0
0.0 0.0

352
artag_0352.pat
86.0
0.0 0.0

353
artag_0353.pat
86.0
0.0 0.0

354
artag_0354.pat
86.0
0.0 0.0

355
artag_0355.pat
86.0
0.0 0.0

356
artag_0356.pat
86.0
0.0 0.0

357
artag_0357.pat
86.0
0.0 0.0

358
artag_0358.pat
86.0
0.0 0.0

359
artag_0359.pat
86.0
0.0 0.0

360
artag_0360.pat
86.0
0.0 0.0

361
artag_0361.pat
86.0
0.0 0.0

362
artag_0362.pat
86.0
0.0 0.0

363
artag_0363.pat
86.0
0.0 0.0

364
artag_0364.pat
86.0
0.0 0.0

365
artag_0365.pat
86.0
0.0 0.0

366
artag_0366.pat
86.0
0.0 0.0

367
artag_0367.pat
86.0
0.0 0.0

368
artag_0368.pat
86.0
0.0 0.0

369
artag_0369.pat
86.0
0.0 0.0

370
artag_0370.pat
86.0
0.0 0.0

371
artag_0371.pat
86.0
0.0 0.0

372
artag_0372.pat
86.0
0.0 0.0

373
artag_0373.pat
86.0
0.0 0.0

374
artag_0374.pat
86.0
0.0 0.0

375
artag_0375.pat
86.0
0.0 0.0

376
artag_0376.pat
86.0
0.0 0.0

377
artag_0377.pat
86.0
0.0 0.0

378
artag_0378.pat
86.0
0.0 0.0

379
artag_0379.pat
86.0
0.0 0.0

380
artag_0380.pat
86.0
0.0 0.0

381
artag_0381.pat
86.0
0.0 0.0

382
artag_0382.pat
86.0
0.0 0.0

383
artag_0383.pat
86.0
0.0 0.0

384
artag_0384.pat
86.0
0.0 0.0

385
artag_0385.pat
86.0
0.0 0.0

386
artag_0386.pat
86.0
0.0 0.0

387
artag_0387.pat
86.0
0.0 0.0

388
artag_0388.pat
86.0
0.0 0.0

389
artag_0389.pat
86.0
0.0 0.0

390
artag_0390.pat
86.0
0.0 0.0

391
artag_0391.pat
86.0
0.0 0.0

392
artag_0392.pat
86.0
0.0 0.0

393
artag_0393.pat
86.0
0.0 0.0

394
artag_0394.pat
86.0
0.0 0.0

395
artag_0395.pat
86.0
0.0 0.0

396
artag_0396.pat
86.0
0.0 0.0

397
artag_0397.pat
86.0
0.0 0.0

398
artag_0398.pat
86.0
0.0 0.0

399
artag_0399.pat
86.0
0.0 0.0

400
artag_0400.pat
86.0
0.0 0.0

401
artag_0401.pat
86.0
0.0 0.0

402
artag_0402.pat
86.0
0.0 0.0

403
artag_0403.pat
86.0
0.0 0.0

404
artag_0404.pat
86.0
0.0 0.0

405
artag_0405.pat
86.0
0.0 0.0

406
artag_0406.pat
86.0
0.0 0.0

407
artag_0407.pat
86.0
0.0 0.0

408
artag_0408.pat
86.0
0.0 0.0

409
artag_0409.pat
86.0
0.0 0.0

410
artag_0410.pat
86.0
0.0 0.0

411
artag_0411.pat
86.0
0.0 0.0

412
artag_0412.pat
86.0
0.0 0.0

413
artag_0413.pat
86.0
0.0 0.0

414
artag_0414.pat
86.0
0.0 0.0

415
artag_0415.pat
86.0
0.0 0.0

416
artag_0416.pat
86.0
0.0 0.0

417
artag_0417.pat
86.0
0.0 0.0

418
artag_0418.pat
86.0
0.0 0.0

419
artag_0419.pat
86.0
0.0 0.0

420
artag_0420.pat
86.0
0.0 0.0

421
artag_0421.pat
86.0
0.0 0.0

422
artag_0422.pat
86.0
0.0 0.0

423
artag_0423.pat
86.0
0.0 0.0

424
artag_0424.pat
86.0
0.0 0.0

425
artag_0425.pat
86.0
0.0 0.0

426
artag_0426.pat
86.0
0.0 0.0

427
artag_0427.pat
86.0
0.0 0.0

428
artag_0428.pat
86.0
0.0 0.0

429
artag_0429.pat
86.0
0.0 0.0

430
artag_0430.pat
86.0
0.0 0.0

431
artag_0431.pat
86.0
0.0 0.0

432
artag_0432.pat
86.0
0.0 0.0

433
artag_0433.pat
86.0
0.0 0.0

434
artag_0434.pat
86.0
0.0 0.0

435
artag_0435.pat
86.0
0.0 0.0

436
artag_0436.pat
86.0
0.0 0.0

437
artag_0437.pat
86.0
0.0 0.0

438
artag_0438.pat
86.0
0.0 0.0

439
artag_0439.pat
86.0
0.0 0.0

440
artag_0440.pat
86.0
0.0 0.0

441
artag_0441.pat
86.0
0.0 0.0

442
artag_0442.pat
86.0
0.0 0.0

443
artag_0443.pat
86.0
0.0 0.0

444
artag_0444.pat
86.0
0.0 0.0

445
artag_0445.pat
86.0
0.0 0.0

446
artag_0446.pat
86.0
0.0 0.0

447
artag_0447.pat
86.0
0.0 0.0

448
artag_0448.pat
86.0
0.0 0.0

449
artag_0449.pat
86.0
0.0 0.0

450
artag_0450.pat
86.0
0.0 0.0

451
artag_0451.pat
86.0
0.0 0.0

452
artag_0452.pat
86.0
0.0 0.0

453
artag_0453.pat
86.0
0.0 0.0

454
artag_0454.pat
86.0
0.0 0.0

455
artag_0455.pat
86.0
0.0 0.0

456
artag_0456.pat
86.0
0.0 0.0

457
artag_0457.pat
86.0
0.0 0.0

458
artag_0458.pat
86.0
0.0 0.0

459
artag_0459.pat
86.0
0.0 0.0

460
artag_0460.pat
86.0
0.0 0.0

461
artag_0461.pat
86.0
0.0 0.0

462
artag_0462.pat
86.0
0.0 0.0

463
artag_0463.pat
86.0
0.0 0.0

464
artag_0464.pat
86.0
0.0 0.0

465
artag_0465.pat
86.0
0.0 0.0

466
artag_0466.pat
86.0
0.0 0.0

467
artag_0467.pat
86.0
0.0 0.0

468
artag_0468.pat
86.0
0.0 0.0

469
artag_0469.pat
86.0
0.0 0.0

470
artag_0470.pat
86.0
0.0 0.0

471
artag_0471.pat
86.0
0.0 0.0

472
artag_0472.pat
86.0
0.0 0.0

473
artag_0473.pat
86.0
0.0 0.0

474
artag_0474.pat
86.0
0.0 0.0

475
artag_0475.pat
86.0
0.0 0.0

476
artag_0476.pat
86.0
0.0 0.0

477
artag_0477.pat
86.0
0.0 0.0

478
artag_0478.pat
86.0
0.0 0.0

479
artag_0479.pat
86.0
0.0 0.0

480
artag_0480.pat
86.0
0.0 0.0

481
artag_0481.pat
86.0
0.0 0.0

482
artag_0482.pat
86.0
0.0 0.0

483
artag_0483.pat
86.0
0.0 0.0

484
artag_0484.pat
86.0
0.0 0.0

485
artag_0485.pat
86.0
0.0 0.0

486
artag_0486.pat
86.0
0.0 0.0

487
artag_0487.pat
86.0
0.0 0.0

488
artag_0488.pat
86.0
0.0 0.0

489
artag_0489.pat
86.0
0.0 0.0

490
artag_0490.pat
86.0
0.0 0.0

491
artag_0491.pat
86.0
0.0 0.0

492
artag_0492.pat
86.0
0.0 0.0

493
artag_0493.pat
86.0
0.0 0.0

494
artag_0494.pat
86.0
0.0 0.0

495
artag_0495.pat
86.0
0.0 0.0

496
artag_0496.pat
86.0
0.0 0.0

497
artag_0497.pat
86.0
0.0 0.0

498
artag_0498.pat
86.0
0.0 0.0

499
artag_0499.pat
86.0
0.0 0.0

500
artag_0500.pat
86.0
0.0 0.0

501
artag_0501.pat
86.0
0.0 0.0

502
artag_0502.pat
86.0
0.0 0.0

503
artag_0503.pat
86.0
0.0 0.0

504
artag_0504.pat
86.0
0.0 0.0

505
artag_0505.pat
86.0
0.0 0.0

506
artag_0506.pat
86.0
0.0 0.0

507
artag_0507.pat
86.0
0.0 0.0

508
artag_0508.pat
86.0
0.0 0.0

509
artag_0509.pat
86.0
0.0 0.0

510
artag_0510.pat
86.0
0.0 0.0

511
artag_0511.pat
86.0
0.0 0.0

512
artag_0512.pat
86.0
0.0 0.0

513
artag_0513.pat
86.0
0.0 0.0

514
artag_0514.pat
86.0
0.0 0.0

515
artag_0515.pat
86.0
0.0 0.0

516
artag_0516.pat
86.0
0.0 0.0

517
artag_0517.pat
86.0
0.0 0.0

518
artag_0518.pat
86.0
0.0 0.0

519
artag_0519.pat
86.0
0.0 0.0

520
artag_0520.pat
86.0
0.0 0.0

521
artag_0521.pat
86.0
0.0 0.0

522
artag_0522.pat
86.0
0.0 0.0

523
artag_0523.pat
86.0
0.0 0.0

524
artag_0524.pat
86.0
0.0 0.0

525
artag_0525.pat
86.0
0.0 0.0

526
artag_0526.pat
86.0
0.0 0.0

527
artag_0527.pat
86.0
0.0 0.0

528
artag_0528.pat
86.0
0.0 0.0

529
artag_0529.pat
86.0
0.0 0.0

530
artag_0530.pat
86.0
0.0 0.0

531
artag_0531.pat
86.0
0.0 0.0

532
artag_0532.pat
86.0
0.0 0.0

533
artag_0533.pat
86.0
0.0 0.0

534
artag_0534.pat
86.0
0.0 0.0

535
artag_0535.pat
86.0
0.0 0.0

536
artag_0536.pat
86.0
0.0 0.0

537
artag_0537.pat
86.0
0.0 0.0

538
artag_0538.pat
86.0
0.0 0.0

539
artag_0539.pat
86.0
0.0 0.0

540
artag_0540.pat
86.0
0.0 0.0

541
artag_0541.pat
86.0
0.0 0.0

542
artag_0542.pat
86.0
0.0 0.0

543
artag_0543.pat
86.0
0.0 0.0

544
artag_0544.pat
86.0
0.0 0.0

545
artag_0545.pat
86.0
0.0 0.0

546
artag_0546.pat
86.0
0.0 0.0

547
artag_0547.pat
86.0
0.0 0.0

548
artag_0548.pat
86.0
0.0 0.0

549
artag_0549.pat
86.0
0.0 0.0

550
artag_0550.pat
86.0
0.0 0.0

551
artag_0551.pat
86.0
0.0 0.0

552
artag_0552.pat
86.0
0.0 0.0

553
artag_0553.pat
86.0
0.0 0.0

554
artag_0554.pat
86.0
0.0 0.0

555
artag_0555.pat
86.0
0.0 0.0

556
artag_0556.pat
86.0
0.0 0.0

557
artag_0557.pat
86.0
0.0 0.0

558
artag_0558.pat
86.0
0.0 0.0

559
artag_0559.pat
86.0
0.0 0.0

560
artag_0560.pat
86.0
0.0 0.0

561
artag_0561.pat
86.0
0.0 0.0

562
artag_0562.pat
86.0
0.0 0.0

563
artag_0563.pat
86.0
0.0 0.0

564
artag_0564.pat
86.0
0.0 0.0

565
artag_0565.pat
86.0
0.0 0.0

566
artag_0566.pat
86.0
0.0 0.0

567
artag_0567.pat
86.0
0.0 0.0

568
artag_0568.pat
86.0
0.0 0.0

569
artag_0569.pat
86.0
0.0 0.0

570
artag_0570.pat
86.0
0.0 0.0

571
artag_0571.pat
86.0
0.0 0.0

572
artag_0572.pat
86.0
0.0 0.0

573
artag_0573.pat
86.0
0.0 0.0

574
artag_0574.pat
86.0
0.0 0.0

575
artag_0575.pat
86.0
0.0 0.0

576
artag_0576.pat
86.0
0.0 0.0

577
artag_0577.pat
86.0
0.0 0.0

578
artag_0578.pat
86.0
0.0 0.0

579
artag_0579.pat
86.0
0.0 0.0

580
artag_0580.pat
86.0
0.0 0.0

581
artag_0581.pat
86.0
0.0 0.0

582
artag_0582.pat
86.0
0.0 0.0

583
artag_0583.pat
86.0
0.0 0.0

584
artag_0584.pat
86.0
0.0 0.0

585
artag_0585.pat
86.0
0.0 0.0

586
artag_0586.pat
86.0
0.0 0.0

587
artag_0587.pat
86.0
0.0 0.0

588
artag_0588.pat
86.0
0.0 0.0

589
artag_0589.pat
86.0
0.0 0.0

590
artag_0590.pat
86.0
0.0 0.0

591
artag_0591.pat
86.0
0.0 0.0

592
artag_0592.pat
86.0
0.0 0.0

593
artag_0593.pat
86.0
0.0 0.0

594
artag_0594.pat
86.0
0.0 0.0

595
artag_0595.pat
86.0
0.0 0.0

596
artag_0596.pat
86.0
0.0 0.0

597
artag_0597.pat
86.0
0.0 0.0

598
artag_0598.pat
86.0
0.0 0.0

599
artag_0599.pat
86.0
0.0 0.0

600
artag_0600.pat
86.0
0.0 0.0

601
artag_0601.pat
86.0
0.0 0.0

602
artag_0602.pat
86.0
0.0 0.0

603
artag_0603.pat
86.0
0.0 0.0

604
artag_0604.pat
86.0
0.0 0.0

605
artag_0605.pat
86.0
0.0 0.0

606
artag_0606.pat
86.0
0.0 0.0

607
artag_0607.pat
86.0
0.0 0.0

608
artag_0608.pat
86.0
0.0 0.0

609
artag_0609.pat
86.0
0.0 0.0

610
artag_0610.pat
86.0
0.0 0.0

611
artag_0611.pat
86.0
0.0 0.0

612
artag_0612.pat
86.0
0.0 0.0

613
artag_0613.pat
86.0
0.0 0.0

614
artag_0614.pat
86.0
0.0 0.0

615
artag_0615.pat
86.0
0.0 0.0

616
artag_0616.pat
86.0
0.0 0.0

617
artag_0617.pat
86.0
0.0 0.0

618
artag_0618.pat
86.0
0.0 0.0

619
artag_0619.pat
86.0
0.0 0.0

620
artag_0620.pat
86.0
0.0 0.0

621
artag_0621.pat
86.0
0.0 0.0

622
artag_0622.pat
86.0
0.0 0.0

623
artag_0623.pat
86.0
0.0 0.0

624
artag_0624.pat
86.0
0.0 0.0

625
artag_0625.pat
86.0
0.0 0.0

626
artag_0626.pat
86.0
0.0 0.0

627
artag_0627.pat
86.0
0.0 0.0

628
artag_0628.pat
86.0
0.0 0.0

629
artag_0629.pat
86.0
0.0 0.0

630
artag_0630.pat
86.0
0.0 0.0

631
artag_0631.pat
86.0
0.0 0.0

632
artag_0632.pat
86.0
0.0 0.0

633
artag_0633.pat
86.0
0.0 0.0

634
artag_0634.pat
86.0
0.0 0.0

635
artag_0635.pat
86.0
0.0 0.0

636
artag_0636.pat
86.0
0.0 0.0

637
artag_0637.pat
86.0
0.0 0.0

638
artag_0638.pat
86.0
0.0 0.0

639
artag_0639.pat
86.0
0.0 0.0

640
artag_0640.pat
86.0
0.0 0.0

641
artag_0641.pat
86.0
0.0 0.0

642
artag_0642.pat
86.0
0.0 0.0

643
artag_0643.pat
86.0
0.0 0.0

644
artag_0644.pat
86.0
0.0 0.0

645
artag_0645.pat
86.0
0.0 0.0

646
artag_0646.pat
86.0
0.0 0.0

647
artag_0647.pat
86.0
0.0 0.0

648
artag_0648.pat
86.0
0.0 0.0

649
artag_0649.pat
86.0
0.0 0.0

650
artag_0650.pat
86.0
0.0 0.0

651
artag_0651.pat
86.0
0.0 0.0

652
artag_0652.pat
86.0
0.0 0.0

653
artag_0653.pat
86.0
0.0 0.0

654
artag_0654.pat
86.0
0.0 0.0

655
artag_0655.pat
86.0
0.0 0.0

656
artag_0656.pat
86.0
0.0 0.0

657
artag_0657.pat
86.0
0.0 0.0

658
artag_0658.pat
86.0
0.0 0.0

659
artag_0659.pat
86.0
0.0 0.0

660
artag_0660.pat
86.0
0.0 0.0

661
artag_0661.pat
86.0
0.0 0.0

662
artag_0662.pat
86.0
0.0 0.0

663
artag_0663.pat
86.0
0.0 0.0

664
artag_0664.pat
86.0
0.0 0.0

665
artag_0665.pat
86.0
0.0 0.0

666
artag_0666.pat
86.0
0.0 0.0

667
artag_0667.pat
86.0
0.0 0.0

668
artag_0668.pat
86.0
0.0 0.0

669
artag_0669.pat
86.0
0.0 0.0

670
artag_0670.pat
86.0
0.0 0.0

671
artag_0671.pat
86.0
0.0 0.0

672
artag_0672.pat
86.0
0.0 0.0

673
artag_0673.pat
86.0
0.0 0.0

674
artag_0674.pat
86.0
0.0 0.0

675
artag_0675.pat
86.0
0.0 0.0

676
artag_0676.pat
86.0
0.0 0.0

677
artag_0677.pat
86.0
0.0 0.0

678
artag_0678.pat
86.0
0.0 0.0

679
artag_0679.pat
86.0
0.0 0.0

680
artag_0680.pat
86.0
0.0 0.0

681
artag_0681.pat
86.0
0.0 0.0

683
artag_0683.pat
86.0
0.0 0.0

684
artag_0684.pat
86.0
0.0 0.0

685
artag_0685.pat
86.0
0.0 0.0

686
artag_0686.pat
86.0
0.0 0.0

687
artag_0687.pat
86.0
0.0 0.0

688
artag_0688.pat
86.0
0.0 0.0

689
artag_0689.pat
86.0
0.0 0.0

690
artag_0690.pat
86.0
0.0 0.0

691
artag_0691.pat
86.0
0.0 0.0

692
artag_0692.pat
86.0
0.0 0.0

693
artag_0693.pat
86.0
0.0 0.0

694
artag_0694.pat
86.0
0.0 0.0

695
artag_0695.pat
86.0
0.0 0.0

696
artag_0696.pat
86.0
0.0 0.0

697
artag_0697.pat
86.0
0.0 0.0

698
artag_0698.pat
86.0
0.0 0.0

699
artag_0699.pat
86.0
0.0 0.0

700
artag_0700.pat
86.0
0.0 0.0

701
artag_0701.pat
86.0
0.0 0.0

702
artag_0702.pat
86.0
0.0 0.0

703
artag_0703.pat
86.0
0.0 0.0

704
artag_0704.pat
86.0
0.0 0.0

705
artag_0705.pat
86.0
0.0 0.0

706
artag_0706.pat
86.0
0.0 0.0

707
artag_0707.pat
86.0
0.0 0.0

708
artag_0708.pat
86.0
0.0 0.0

709
artag_0709.pat
86.0
0.0 0.0

710
artag_0710.pat
86.0
0.0 0.0

711
artag_0711.pat
86.0
0.0 0.0

712
artag_0712.pat
86.0
0.0 0.0

713
artag_0713.pat
86.0
0.0 0.0

714
artag_0714.pat
86.0
0.0 0.0

715
artag_0715.pat
86.0
0.0 0.0

716
artag_0716.pat
86.0
0.0 0.0

717
artag_0717.pat
86.0
0.0 0.0

718
artag_0718.pat
86.0
0.0 0.0

719
artag_0719.pat
86.0
0.0 0.0

720
artag_0720.pat
86.0
0.0 0.0

721
artag_0721.pat
86.0
0.0 0.0

722
artag_0722.pat
86.0
0.0 0.0

723
artag_0723.pat
86.0
0.0 0.0

724
artag_0724.pat
86.0
0.0 0.0

725
artag_0725.pat
86.0
0.0 0.0

726
artag_0726.pat
86.0
0.0 0.0

727
artag_0727.pat
86.0
0.0 0.0

728
artag_0728.pat
86.0
0.0 0.0

729
artag_0729.pat
86.0
0.0 0.0

730
artag_0730.pat
86.0
0.0 0.0

731
artag_0731.pat
86.0
0.0 0.0

732
artag_0732.pat
86.0
0.0 0.0

733
artag_0733.pat
86.0
0.0 0.0

734
artag_0734.pat
86.0
0.0 0.0

735
artag_0735.pat
86.0
0.0 0.0

736
artag_0736.pat
86.0
0.0 0.0

737
artag_0737.pat
86.0
0.0 0.0

738
artag_0738.pat
86.0
0.0 0.0

739
artag_0739.pat
86.0
0.0 0.0

740
artag_0740.pat
86.0
0.0 0.0

741
artag_0741.pat
86.0
0.0 0.0

742
artag_0742.pat
86.0
0.0 0.0

743
artag_0743.pat
86.0
0.0 0.0

744
artag_0744.pat
86.0
0.0 0.0

745
artag_0745.pat
86.0
0.0 0.0

746
artag_0746.pat
86.0
0.0 0.0

747
artag_0747.pat
86.0
0.0 0.0

748
artag_0748.pat
86.0
0.0 0.0

749
artag_0749.pat
86.0
0.0 0.0

750
artag_0750.pat
86.0
0.0 0.0

751
artag_0751.pat
86.0
0.0 0.0

752
artag_0752.pat
86.0
0.0 0.0

753
artag_0753.pat
86.0
0.0 0.0

754
artag_0754.pat
86.0
0.0 0.0

755
artag_0755.pat
86.0
0.0 0.0

756
artag_0756.pat
86.0
0.0 0.0

757
artag_0757.pat
86.0
0.0 0.0

758
artag_0758.pat
86.0
0.0 0.0

759
artag_0759.pat
86.0
0.0 0.0

760
artag_0760.pat
86.0
0.0 0.0

761
artag_0761.pat
86.0
0.0 0.0

762
artag_0762.pat
86.0
0.0 0.0

763
artag_0763.pat
86.0
0.0 0.0

764
artag_0764.pat
86.0
0.0 0.0

765
artag_0765.pat
86.0
0.0 0.0

766
artag_0766.pat
86.0
0.0 0.0

767
artag_0767.pat
86.0
0.0 0.0

768
artag_0768.pat
86.0
0.0 0.0

769
artag_0769.pat
86.0
0.0 0.0

770
artag_0770.pat
86.0
0.0 0.0

771
artag_0771.pat
86.0
0.0 0.0

772
artag_0772.pat
86.0
0.0 0.0

773
artag_0773.pat
86.0
0.0 0.0

774
artag_0774.pat
86.0
0.0 0.0

775
artag_0775.pat
86.0
0.0 0.0

776
artag_0776.pat
86.0
0.0 0.0

777
artag_0777.pat
86.0
0.0 0.0

778
artag_0778.pat
86.0
0.0 0.0

779
artag_0779.pat
86.0
0.0 0.0

780
artag_0780.pat
86.0
0.0 0.0

781
artag_0781.pat
86.0
0.0 0.0

782
artag_0782.pat
86.0
0.0 0.0

783
artag_0783.pat
86.0
0.0 0.0

784
artag_0784.pat
86.0
0.0 0.0

785
artag_0785.pat
86.0
0.0 0.0

786
artag_0786.pat
86.0
0.0 0.0

787
artag_0787.pat
86.0
0.0 0.0

788
artag_0788.pat
86.0
0.0 0.0

789
artag_0789.pat
86.0
0.0 0.0

790
artag_0790.pat
86.0
0.0 0.0

791
artag_0791.pat
86.0
0.0 0.0

792
artag_0792.pat
86.0
0.0 0.0

793
artag_0793.pat
86.0
0.0 0.0

794
artag_0794.pat
86.0
0.0 0.0

795
artag_0795.pat
86.0
0.0 0.0

796
artag_0796.pat
86.0
0.0 0.0

797
artag_0797.pat
86.0
0.0 0.0

798
artag_0798.pat
86.0
0.0 0.0

799
artag_0799.pat
86.0
0.0 0.0

800
artag_0800.pat
86.0
0.0 0.0

801
artag_0801.pat
86.0
0.0 0.0

802
artag_0802.pat
86.0
0.0 0.0

803
artag_0803.pat
86.0
0.0 0.0

804
artag_0804.pat
86.0
0.0 0.0

805
artag_0805.pat
86.0
0.0 0.0

806
artag_0806.pat
86.0
0.0 0.0

807
artag_0807.pat
86.0
0.0 0.0

808
artag_0808.pat
86.0
0.0 0.0

809
artag_0809.pat
86.0
0.0 0.0

810
artag_0810.pat
86.0
0.0 0.0

811
artag_0811.pat
86.0
0.0 0.0

812
artag_0812.pat
86.0
0.0 0.0

813
artag_0813.pat
86.0
0.0 0.0

814
artag_0814.pat
86.0
0.0 0.0

815
artag_0815.pat
86.0
0.0 0.0

816
artag_0816.pat
86.0
0.0 0.0

817
artag_0817.pat
86.0
0.0 0.0

818
artag_0818.pat
86.0
0.0 0.0

819
artag_0819.pat
86.0
0.0 0.0

820
artag_0820.pat
86.0
0.0 0.0

821
artag_0821.pat
86.0
0.0 0.0

822
artag_0822.pat
86.0
0.0 0.0

823
artag_0823.pat
86.0
0.0 0.0

824
artag_0824.pat
86.0
0.0 0.0

825
artag_0825.pat
86.0
0.0 0.0

826
artag_0826.pat
86.0
0.0 0.0

827
artag_0827.pat
86.0
0.0 0.0

828
artag_0828.pat
86.0
0.0 0.0

829
artag_0829.pat
86.0
0.0 0.0

830
artag_0830.pat
86.0
0.0 0.0

831
artag_0831.pat
86.0
0.0 0.0

832
artag_0832.pat
86.0
0.0 0.0

833
artag_0833.pat
86.0
0.0 0.0

834
artag_0834.pat
86.0
0.0 0.0

835
artag_0835.pat
86.0
0.0 0.0

836
artag_0836.pat
86.0
0.0 0.0

837
artag_0837.pat
86.0
0.0 0.0

838
artag_0838.pat
86.0
0.0 0.0

839
artag_0839.pat
86.0
0.0 0.0

840
artag_0840.pat
86.0
0.0 0.0

841
artag_0841.pat
86.0
0.0 0.0

842
artag_0842.pat
86.0
0.0 0.0

843
artag_0843.pat
86.0
0.0 0.0

844
artag_0844.pat
86.0
0.0 0.0

845
artag_0845.pat
86.0
0.0 0.0

846
artag_0846.pat
86.0
0.0 0.0

847
artag_0847.pat
86.0
0.0 0.0

848
artag_0848.pat
86.0
0.0 0.0

849
artag_0849.pat
86.0
0.0 0.0

850
artag_0850.pat
86.0
0.0 0.0

851
artag_0851.pat
86.0
0.0 0.0

852
artag_0852.pat
86.0
0.0 0.0

853
artag_0853.pat
86.0
0.0 0.0

854
artag_0854.pat
86.0
0.0 0.0

855
artag_0855.pat
86.0
0.0 0.0

856
artag_0856.pat
86.0
0.0 0.0

857
artag_0857.pat
86.0
0.0 0.0

858
artag_0858.pat
86.0
0.0 0.0

859
artag_0859.pat
86.0
0.0 0.0

860
artag_0860.pat
86.0
0.0 0.0

861
artag_0861.pat
86.0
0.0 0.0

862
artag_0862.pat
86.0
0.0 0.0

863
artag_0863.pat
86.0
0.0 0.0

864
artag_0864.pat
86.0
0.0 0.0

865
artag_0865.pat
86.0
0.0 0.0

866
artag_0866.pat
86.0
0.0 0.0

867
artag_0867.pat
86.0
0.0 0.0

868
artag_0868.pat
86.0
0.0 0.0

869
artag_0869.pat
86.0
0.0 0.0

870
artag_0870.pat
86.0
0.0 0.0

871
artag_0871.pat
86.0
0.0 0.0

872
artag_0872.pat
86.0
0.0 0.0

873
artag_0873.pat
86.0
0.0 0.0

874
artag_0874.pat
86.0
0.0 0.0

875
artag_0875.pat
86.0
0.0 0.0

876
artag_0876.pat
86.0
0.0 0.0

877
artag_0877.pat
86.0
0.0 0.0

878
artag_0878.pat
86.0
0.0 0.0

879
artag_0879.pat
86.0
0.0 0.0

880
artag_0880.pat
86.0
0.0 0.0

881
artag_0881.pat
86.0
0.0 0.0

882
artag_0882.pat
86.0
0.0 0.0

883
artag_0883.pat
86.0
0.0 0.0

884
artag_0884.pat
86.0
0.0 0.0

885
artag_0885.pat
86.0
0.0 0.0

886
artag_0886.pat
86.0
0.0 0.0

887
artag_0887.pat
86.0
0.0 0.0

888
artag_0888.pat
86.0
0.0 0.0

889
artag_0889.pat
86.0
0.0 0.0

890
artag_0890.pat
86.0
0.0 0.0

891
artag_0891.pat
86.0
0.0 0.0

892
artag_0892.pat
86.0
0.0 0.0

893
artag_0893.pat
86.0
0.0 0.0

894
artag_0894.pat
86.0
0.0 0.0

895
artag_0895.pat
86.0
0.0 0.0

896
artag_0896.pat
86.0
0.0 0.0

897
artag_0897.pat
86.0
0.0 0.0

898
artag_0898.pat
86.0
0.0 0.0

899
artag_0899.pat
86.0
0.0 0.0

900
artag_0900.pat
86.0
0.0 0.0

901
artag_0901.pat
86.0
0.0 0.0

902
artag_0902.pat
86.0
0.0 0.0

903
artag_0903.pat
86.0
0.0 0.0

904
artag_0904.pat
86.0
0.0 0.0

905
artag_0905.pat
86.0
0.0 0.0

906
artag_0906.pat
86.0
0.0 0.0

907
artag_0907.pat
86.0
0.0 0.0

908
artag_0908.pat
86.0
0.0 0.0

909
artag_0909.pat
86.0
0.0 0.0

910
artag_0910.pat
86.0
0.0 0.0

911
artag_0911.pat
86.0
0.0 0.0

912
artag_0912.pat
86.0
0.0 0.0

913
artag_0913.pat
86.0
0.0 0.0

914
artag_0914.pat
86.0
0.0 0.0

915
artag_0915.pat
86.0
0.0 0.0

916
artag_0916.pat
86.0
0.0 0.0

917
artag_0917.pat
86.0
0.0 0.0

918
artag_0918.pat
86.0
0.0 0.0

919
artag_0919.pat
86.0
0.0 0.0

920
artag_0920.pat
86.0
0.0 0.0

921
artag_0921.pat
86.0
0.0 0.0

922
artag_0922.pat
86.0
0.0 0.0

923
artag_0923.pat
86.0
0.0 0.0

924
artag_0924.pat
86.0
0.0 0.0

925
artag_0925.pat
86.0
0.0 0.0

926
artag_0926.pat
86.0
0.0 0.0

927
artag_0927.pat
86.0
0.0 0.0

928
artag_0928.pat
86.0
0.0 0.0

929
artag_0929.pat
86.0
0.0 0.0

930
artag_0930.pat
86.0
0.0 0.0

931
artag_0931.pat
86.0
0.0 0.0

932
artag_0932.pat
86.0
0.0 0.0

933
artag_0933.pat
86.0
0.0 0.0

934
artag_0934.pat
86.0
0.0 0.0

935
artag_0935.pat
86.0
0.0 0.0

936
artag_0936.pat
86.0
0.0 0.0

937
artag_0937.pat
86.0
0.0 0.0

938
artag_0938.pat
86.0
0.0 0.0

939
artag_0939.pat
86.0
0.0 0.0

940
artag_0940.pat
86.0
0.0 0.0

941
artag_0941.pat
86.0
0.0 0.0

942
artag_0942.pat
86.0
0.0 0.0

943
artag_0943.pat
86.0
0.0 0.0

944
artag_0944.pat
86.0
0.0 0.0

945
artag_0945.pat
86.0
0.0 0.0

946
artag_0946.pat
86.0
0.0 0.0

947
artag_0947.pat
86.0
0.0 0.0

948
artag_0948.pat
86.0
0.0 0.0

949
artag_0949.pat
86.0
0.0 0.0

950
artag_0950.pat
86.0
0.0 0.0

951
artag_0951.pat
86.0
0.0 0.0

952
artag_0952.pat
86.0
0.0 0.0

953
artag_0953.pat
86.0
0.0 0.0

954
artag_0954.pat
86.0
0.0 0.0

955
artag_0955.pat
86.0
0.0 0.0

956
artag_0956.pat
86.0
0.0 0.0

957
artag_0957.pat
86.0
0.0 0.0

958
artag_0958.pat
86.0
0.0 0.0

959
artag_0959.pat
86.0
0.0 0.0

960
artag_0960.pat
86.0
0.0 0.0

961
artag_0961.pat
86.0
0.0 0.0

962
artag_0962.pat
86.0
0.0 0.0

963
artag_0963.pat
86.0
0.0 0.0

964
artag_0964.pat
86.0
0.0 0.0

965
artag_0965.pat
86.0
0.0 0.0

966
artag_0966.pat
86.0
0.0 0.0

967
artag_0967.pat
86.0
0.0 0.0

968
artag_0968.pat
86.0
0.0 0.0

969
artag_0969.pat
86.0
0.0 0.0

970
artag_0970.pat
86.0
0.0 0.0

971
artag_0971.pat
86.0
0.0 0.0

972
artag_0972.pat
86.0
0.0 0.0

973
artag_0973.pat
86.0
0.0 0.0

974
artag_0974.pat
86.0
0.0 0.0

975
artag_0975.pat
86.0
0.0 0.0

976
artag_0976.pat
86.0
0.0 0.0

977
artag_0977.pat
86.0
0.0 0.0

978
artag_0978.pat
86.0
0.0 0.0

979
artag_0979.pat
86.0
0.0 0.0

980
artag_0980.pat
86.0
0.0 0.0

981
artag_0981.pat
86.0
0.0 0.0

982
artag_0982.pat
86.0
0.0 0.0

983
artag_0983.pat
86.0
0.0 0.0

984
artag_0984.pat
86.0
0.0 0.0

985
artag_0985.pat
86.0
0.0 0.0

986
artag_0986.pat
86.0
0.0 0.0

987
artag_0987.pat
86.0
0.0 0.0

988
artag_0988.pat
86.0
0.0 0.0

989
artag_0989.pat
86.0
0.0 0.0

990
artag_0990.pat
86.0
0.0 0.0

991
artag_0991.pat
86.0
0.0 0.0

992
artag_0992.pat
86.0
0.0 0.0

993
artag_0993.pat
86.0
0.0 0.0

994
artag_0994.pat
86.0
0.0 0.0

995
artag_0995.pat
86.0
0.0 0.0

996
artag_0996.pat
86.0
0.0 0.0

997
artag_0997.pat
86.0
0.0 0.0

998
artag_0998.pat
86.0
0.0 0.0

999
artag_0999.pat
86.0
0.0 0.0

1000
artag_1000.pat
86.0
0.0 0.0

1001
artag_1001.pat
86.0
0.0 0.0

1002
artag_1002.pat
86.0
0.0 0.0

1003
artag_1003.pat
86.0
0.0 0.0

1004
artag_1004.pat
86.0
0.0 0.0

1005
artag_1005.pat
86.0
0.0 0.0

1006
artag_1006.pat
86.0
0.0 0.0

1007
artag_1007.pat
86.0
0.0 0.0

1008
artag_1008.pat
86.0
0.0 0.0

1009
artag_1009.pat
86.0
0.0 0.0

1010
artag_1010.pat
86.0
0.0 0.0

1011
artag_1011.pat
86.0
0.0 0.0

1012
artag_1012.pat
86.0
0.0 0.0

1013
artag_1013.pat
86.0
0.0 0.0

1014
artag_1014.pat
86.0
0.0 0.0

1015
artag_1015.pat
86.0
0.0 0.0

1016
artag_1016.pat
86.0
0.0 0.0

1017
artag_1017.pat
86.0
0.0 0.0

1018
artag_1018.pat
86.0
0.0 0.0

1019
artag_1019.pat
86.0
0.0 0.0

1020
artag_1020.pat
86.0
0.0 0.0

1021
artag_1021.pat
86.0
0.0 0.0

1022
artag_1022.pat
86.0
0.0 0.0

1023
artag_1023.pat
86.0
0.0 0.0


